5.9549816968908065
7.417543705075126
4.227496230199952
5.370816269841894
-8.5584831027798
-9.15655621607215
7.755551027317079
8.116514998347554
2.413002486012349
-3.821733534658094
1.9428328780467439
3.9934481791262595
-8.41016279805866
6.021723648858753
-0.21838591581934708
-9.652553438725198
-1.9302441019340968
7.858934124547094
-6.706758592528843
7.63682347015029
1.0415988856851683
-4.097518070940216
-1.0665119240211993
0.0281529016245905
4.839882151496628
-0.09783729315655165
-2.0875984521313544
-8.131096745996924
-9.694762008520215
1.4015081866836194
-1.5261591108979022
-5.8126686093063125
-5.395899012495713
5.199985671222434
-1.2756142086178723
4.367390677863629
7.408874252778826
5.403619897030829
8.942688366206916
6.9855869717909655
0.4680644764681059
3.1871369715087
-6.409478467200696
-6.663731241739024
8.71474910304951
5.031019135497845
-9.439758907545507
3.409668065781986
-0.9762307312690588
-2.0756601713941887
3.955801799174999
-3.9740961774522336
8.151574182868842
-4.453934545739637
6.957304661335705
-8.307000295550104
3.363447995018019
6.148770872612484
-1.2839696670862146
-1.4025601223675803
2.4946883752491473
-1.8206828643150352
0.4294428283564642
9.863532612096005
2.8815082537632204
-3.8058873986204294
-6.28041595725505
1.106986723130639
-2.1229408051275396
8.47692716953145
5.665121654419032
-1.5531794980243951
5.580614294420993
-9.580572455482582
-2.2548977803270187
-1.4493612055111136
-0.510414332697664
7.949165196771993
3.897444119752887
-2.4778063539077007
9.910507920566847
-8.99701289189855
-2.1147452110028997
6.0104342403982045
-4.799764732187997
2.1427396124831066
1.6248406766722745
-1.8239976813881515
-7.0933804142644075
-1.0503167252301182
6.076671101537315
1.210156479772479
-0.9147187321215604
-4.196221902531006
5.495479764604891
-8.941785347759204
9.860938430444268
-2.542114698466083
-5.396189593610384
-5.247064729756447
-9.168850403383328
-2.2932625751983853
-0.8442922995380897
-4.421620091220753
-4.390886778923823
5.594746918737117
5.675875894483957
6.911719643974639
4.465969312993803
4.17357961396071
-1.6665173898374483
6.799065899491829
-1.8724501630392503
6.197677120418003
5.373621903233532
6.837935912637924
-2.484406637179683
3.0744017260268546
-3.6986896077465676
8.116336557537934
5.030434769206433
8.233383395003038
-4.7188473836240075
1.2597620967735406
-0.6476713686571394
-7.074096564083556
2.515421594041163
-3.2455405645922824
6.080715043273216
2.206997657842191
8.617023991965912
-6.544277538436645
5.676065566918787
-3.022349449415806
-6.830324167746373
-9.68265938156706
-6.678559183364139
-6.812907352936934
0.804651798166427
-1.7595880567601636
8.702965115951567
8.179645519127607
5.721452998912316
7.606494695638943
2.1497061627132155
-7.619047946194737
6.348795902165442
-1.8269106156668222
-9.960814802347457
6.076214648039649
-1.6904679802916789
8.524940748732291
3.5703804072850502
2.822286059887988
8.412256904391555
-3.5207109916936385
-4.25409860191575
4.105782500989113
-1.1795164844113781
2.207405480551337
-7.29350769041525
-5.5988106297507105
-1.666420982953202
0.9383576102376452
-7.013504211762653
2.3543212145478165
4.480845643715865
-4.453385075789342
7.833720404309862
-8.602611095261812
1.0133192799510802
0.9614970117278361
1.6076307004083503
8.40888334042699
7.428193441854116
-9.411703931441657
-2.4928124557929348
-2.5911505672362267
5.396230632459877
-1.028817988885887
-6.496060292471213
-7.709300546762943
6.335150211815911
8.483032123480996
4.827468156713499
3.1949160976015243
-1.1342072239132595
2.0079601528458397
-8.562236327683028
-7.824953984807288
6.521850339128267
-0.46615995218868633
9.496690655543432
-5.75566794804349
-5.2667018408142425
6.308090465997182
-2.3851942421913126
0.645837679519687
8.412985754551642
1.888586829080312
1.5165854245201
-4.173943484608835
-2.6349555323468348
2.305792719527906
8.586127933876966
7.44385401023894
9.33045068967338
6.825016489621987
-2.5967282418988873
4.806393747684563
-4.720133404947086
1.7231999997615013
9.270574276715479
-8.844550807024882
1.4297242738478957
9.989287858532986
-5.636479988246837
-6.28533830051013
-8.674703237452091
7.804518126684709
-5.762717549099346
3.2913644471230157
-0.009672291200871541
6.746190233791566
-9.199921443585621
5.558788354119539
3.810112874884659
-6.0780449596727255
-4.5950934609117695
-1.0995678539542162
-1.4007344642658826
-7.395881199283436
2.973038365723397
-7.658826842428446
2.0552497261757967
-1.1790826159986416
2.674957979555936
-6.283974577076692
1.5092013657616974
3.9547952660944716
1.848589174214414
3.2682452288161024
3.632674668563343
-6.358930106193381
-3.20234988480329
6.464143928338903
-6.073744729212416
-3.882608434953603
1.1186280799804713
-4.059235883539141
-3.697523126667903
9.713885439396545
8.74647804547763
5.995917860480258
2.7682162280298073
-1.0113882258083944
8.188100820878482
1.930594484080446
-6.944095763228162
1.8311729377499564
7.505802723386431
3.843229596283093
3.8703374302404647
-8.612469103510849
3.0909490123165675
3.674249224843047
-6.574538668842509
6.141819827213382
-4.850002089632448
-2.9098129571279934
3.3594727744760817
1.2143506141844558
6.299866168108437
-6.512858897298177
8.162670097942716
1.510319941680427
-4.627175568509698
-0.9488940311563905
-5.766486375596562
9.446273588074142
4.328249954942898
-3.3050285868338403
-7.977078036093676
-1.4736411015734738
8.139138179640664
7.69670046897896
0.09699934312728686
2.1756363960021616
-5.454549560316173
6.360595455111415
9.781602216163062
9.411180881685095
-0.45038757030325627
1.4959973691464619
-7.518511017944811
4.665078423238306
5.0952627012309755
1.2641564790833044
-8.2271945895684
-7.284784578466295
-4.121929713131003
-3.328668726062533
-3.7337083895751277
-4.297729004732533
-1.3046866662332555
-8.260909625797622
-4.48766161184595
8.90922029508138
-5.229559671540571
0.2413513874782396
0.1899161896638546
-9.066475718972555
9.789587463260542
-1.2455551849789686
4.657335262469552
-0.3652555013103669
1.2674269172384633
-2.6524755788821537
-9.254861952728602
4.161898483010649
-4.235606774953837
8.907214416770032
-5.61172528654843
-6.107014120342287
2.4722989327065257
5.3245050574047585
1.4077343909672884
-9.027804519863473
3.5813320921076155
2.126753367623664
-0.8450911410326629
-5.865572864084525
9.991279190691106
4.035642404218988
-7.63543219639544
-9.882078979698626
-8.502122764353043
-4.469984772090337
-4.139506156180033
0.7051051723938873
-0.3285091372995481
-0.39961146483120835
-3.79044364763965
-7.3409533462585514
3.0900696946748667
-0.1151930110446493
-2.247123159599049
-6.156040244644125
-0.5284018316990036
9.359315984688333
-2.9673228949950348
8.26948563198076
7.513954745988833
8.447804361749444
2.693631070403935
6.732593235225096
-4.6480951532747845
-6.542692847515794
9.263322374663542
-7.186838552893513
8.101159758657765
-0.6492747324337973
2.327019930398567
-2.225171106969297
-9.854483127586004
-5.847299725656616
-6.1282223530829505
-2.37677971049711
-9.860793745250792
2.469752605004077
-3.6576849919198757
-4.739916812454064
4.346827255343499
-8.817341331261787
4.284197214823708
-9.597132225471654
-5.49713026921733
8.58882624449808
-2.1067716573786655
1.2529517096185714
-1.0911269276902331
-9.781629034304895
-4.9721577208877665
-1.9755382795949377
-0.8431282256059784
5.613668354424453
-9.279762301448189
0.2594190130420735
9.793854459080084
3.8988469760702493
-2.4820917413933348
-2.4224722966538703
2.4684973226239286
5.282998897046589
9.030227118549924
3.165144410824663
1.122661012631168
4.896524710656042
-2.254983495087533
-3.143243607346024
-2.3400423566914696
3.8558554597313215
0.9286775516268371
0.760390303881497
-7.869125834417434
-9.334796234825873
5.010360982524901
-0.8051764414605795
-3.0776631347764187
-8.805186566983028
1.5661621876676435
-4.2421599992349
9.677148587216095
7.371745640385917
2.1047783395359136
9.753642176723606
9.55058415354771
4.5727519372941465
4.164343272047027
7.389837459430034
5.332675842431023
-9.020425910245606
4.395072894420569
-6.596432733436675
-4.6095855502905465
9.035924276593608
8.541427685019137
5.543239690118098
8.937510939358514
0.21016620049780244
1.0212391811594834
-9.836740281199443
-7.939993148564115
-6.473552306358592
6.085904099678871
-1.520862981691204
7.920533519921612
3.2864289228443777
3.4383242451733036
9.608783234572037
1.3331204348548091
2.5184493763221294
-0.8595935420760998
-9.165974942562524
6.360515863338684
5.209923508524742
2.2107141944580277
9.553292173647776
-3.251711983031238
-0.9209213844529387
8.548853849649852
-5.109236769419638
-6.0518342313358815
-7.237621986326513
-5.417388605571858
0.950362666072964
1.198470410288655
-6.506592097113433
-6.87228448952391
3.22229457716813
1.4878093708621893
3.3707616720612954
-3.374275072059323
-9.35773880104434
3.1813507082425474
2.8322085370884587
-0.586609783442416
4.569760870303664
3.6950453790827513
-7.944162717504264
0.16819401181754223
4.383672991285179
7.049335522961613
5.75515064919168
7.455295121976736
9.20230866229874
-4.24400298334559
-9.10995287769111
-0.9824798590553545
-0.8803288472806052
4.162642836253138
8.426689412515028
3.0081196622655426
6.480641085266107
-8.528944627593813
6.740156402458382
1.91930237129551
8.57948864545034
-1.973086551942334
-1.5174290334827738
4.458387926270742
-6.390292863551245
-9.151742149661946
-1.4388730794455302
-6.80246318744649
-7.731998210398494
3.816939713981986
-7.242135585227927
4.413924343213196
-6.9438757150602815
1.3778972389462005
-9.313486875980866
8.711154484884268
3.313741723944375
6.07164949973167
-1.7593641695528195
0.6420908062995263
9.289393511953993
2.2574570607733513
-6.541909968718704
1.2423102047343626
-6.449750674309513
4.389711098389279
-8.135767262044633
9.268714823347157
-9.496626474531586
-5.68172740478873
7.7919207621507525
4.814412395178351
5.735151094943253
8.849887270197378
8.460182320537164
-0.7445598180287956
5.329367654246271
-5.988106615130954
9.08628725607316
-5.526883694616744
-8.7676898825132
2.7054156554529847
-4.9181360186577265
-7.122230743725191
4.128655764579236
-0.39464268261864177
9.75566466083023
5.503158536062667
-8.380831745773264
8.944385395510519
8.66877795298031
3.0024091773507156
-3.558984874454378
-9.31503280280786
5.738850729682687
4.191940893239078
8.40224046955273
-9.437560026695472
7.810133791168937
2.640564420671275
-3.8367689009138743
-1.5425090445194414
-5.45555919127364
-3.8324550565324618
-2.607024026643259
-7.862067630682148
-1.888890620639291
-5.363578147404125
1.6197920393813465
-2.2706217929458106
-7.994021101627786
1.537399159430322
0.9319044543145232
-0.13506307417643804
-9.068321699377881
7.020784264408913
-3.7685022631125387
4.05144909382229
4.5018002775845485
7.238098922894409
-3.238494635534601
2.9793888309652203
9.545955037477619
-5.291164217119697
-0.17432583103507682
-7.144194357198885
5.457413146229243
3.5507359190741887
-6.301870670215131
-6.50255807582043
-1.420280883163132
-2.03083735386699
6.381527768217673
2.810958871900489
2.0989287242395136
-8.83025784064104
3.4927001765942265
-9.053024131842179
1.4146784819206637
-5.584647394012263
-7.926137517489115
-9.57137833692797
2.7595197138678174
-3.182844486271989
0.6659724974361723
-1.7245111741482653
0.8279907841170129
6.760458351369884
4.304920778200799
3.1275532340638694
4.8535679451027836
5.732061091017851
-4.843257096355353
-1.501297546693202
-7.966366517450714
2.751094191464718
-7.2759702941051785
-4.1448483235439415
-1.526341813466889
-2.265546984351481
-9.304444827920832
8.345918868300569
9.221699068310762
4.257863575583148
5.871904786469829
9.829070162378805
-9.53532436010037
9.082252979750173
-8.757518090487771
-0.6920125539398363
-8.445335053680214
0.7023421984180018
7.7714973674168135
4.050877770891541
-1.9198206978141563
-3.0140236938312093
0.5509579028480189
-1.8351910652316228
-6.8722769646065185
8.355049376324597
1.2482240157419096
-0.7912217145350198
-1.6839652021336953
-1.6278724256071335
-9.825340188993057
5.776268652432105
7.698810886155542
-9.355862170592882
5.693143768405369
7.325861670031866
8.41973972744659
9.28940439548876
-5.4668083169096775
-6.976982756163164
3.5651190407571285
0.11608407088064254
1.9817353908886552
-2.326486758622133
-4.718538370700469
5.906009522324977
-3.301850533266009
7.001321409032798
-8.251138651823817
0.9623473018184967
-1.6370773344616332
-1.4594737290690585
-7.8667774336603085
4.258609305301546
4.658210144940696
-8.311119752147816
1.3468068602053407
-0.4916408589484451
-8.799987939137672
-4.091099724569467
-4.900842197754365
4.52265613893827
4.336679990694538
0.7657983638554775
4.1895937418415645
7.139688888140125
-0.9748309710743008
-2.935978952507954
7.721272500796768
7.439553211446373
-3.312576845661031
-2.2955102917668597
3.0403310887326356
-9.612750673159008
-1.9045082655222227
6.137139563880446
-6.1463545014853205
-0.0008742483042940563
-4.815420751561295
1.4252951963731402
-5.001173362546707
-7.531628696112231
5.5762749952291415
6.947620385782255
4.600486035389508
2.5159895923226756
-1.4447280248819006
-4.495302134214844
-4.885332404742346
1.6843839526202444
0.912725964019586
4.415443495342542
-5.371612924800154
6.113674728585153
-8.174906141323463
6.121800236148335
-9.65156322023529
1.2049901997843335
-2.14249378002002
-6.839010882158128
7.542524573004947
2.9547950480599425
8.580870968696878
-7.383661162555404
-6.766325567492473
-4.805008970220688
2.796683422294951
-3.5109944438075713
2.5204732243853023
-9.918454405894206
4.5275708438658135
-8.175242193011679
9.219937779008617
-3.602326416822745
-3.9793701246663593
8.485247979500944
-5.522040811291788
-8.760157096393309
7.217534583077409
4.569552527786417
-7.6672350690400375
9.328837583939325
4.353907199477279
-7.377423414430886
-4.223945869925007
-9.818938048464446
4.959089966300418
-7.1416684008739555
-7.878372204304787
-0.006915017480437768
-3.740326057339221
9.237115024794008
-6.480424802255673
9.829842731975894
6.138192980028659
-1.8976386455234966
-5.073731026238173
-5.06018477038821
1.2945317178702176
9.390205689402816
3.9065219820860477
0.1697240922345884
1.8683889057342444
-1.9036919675737636
-3.3877884190409873
-8.421356543856927
1.3937900473264637
-1.061836506382324
-7.882073859823335
-1.4619455584406786
-2.4524079039550877
1.7892608503953724
0.9158809249534361
-4.433528297469587
6.04362907343522
9.917271185099455
-1.7097147143694702
2.7041289658621785
6.714119068928575
7.345528042882119
2.719736428030048
6.486972042706135
6.816870416618144
7.830993526770843
-9.539342086793273
-6.650760020876909
-3.1374184956162354
4.761710705508669
8.031547570344514
6.053181512331079
-0.06496594643661524
6.560148020996149
9.85463634374943
4.861036993991446
-2.601304561079898
6.052282928218716
9.995088772330575
2.1907725895079793
-3.132702800560592
6.881559765881168
3.198071324337125
-1.5190651224055571
4.435473808446449
-7.031088263721941
-5.271427116784535
2.33790235625062
-6.092154337691909
-3.062208314019326
1.6945187787737037
-4.854943069843252
1.7096372868238685
-2.7757345668532363
0.753122935789337
4.793962942288825
-8.793704036846677
-6.125298044440108
-4.9248263825643885
-9.266828111742644
-5.330801014063327
4.994001722196391
-8.878481380185539
6.954828455780586
7.963007599304021
8.522394571079396
-2.0497637244592415
0.47703526418356645
6.488679459245116
1.3461400376084285
-0.1734915690824259
-1.959995979908486
8.427260737729295
-6.65680189751879
-1.7964863189632716
7.399984500874684
8.031344672640095
-6.378559235296155
-9.991394994992254
-9.247218908868113
0.1283978301416795
-8.098282680207117
-2.7027330843445334
-8.432227886776367
4.4837005352901915
-7.016252043143869
1.1810853582090175
2.629112598701491
4.683369184972264
-1.8640070690892365
0.4329695550032788
-4.334076534432143
-2.254817934954878
-5.545485904241209
-2.7656303956663226
-6.815387375126121
7.092776309569473
4.567153477506542
-0.1390323574243073
-5.478654102329095
-3.610273399430173
7.675869458719692
-9.43902631365547
-0.9835882880961382
-0.8520418243083299
-4.503302584583421
-8.186840110339977
2.984494740720784
-3.094355817606857
-3.13968460894303
-4.723582289923254
7.848479215419516
4.418538350377277
-4.88089360072615
-5.204418324947884
-1.9340417447506901
-6.596342531431518
1.867826548628372
0.20274756190457488
-9.957046282685567
-2.1648204531222914
-5.952098150658336
-8.191472936956119
3.164074176896573
-8.101312090387012
-3.2494614020443047
-0.32849388420492964
3.5889962105043445
5.425491487392524
-2.436462245668494
9.850868332051522
9.732301182751687
-9.244327843200175
-4.1951209252293005
1.7623550830235608
0.7704940611519451
-7.257141307609647
-4.813020107836605
-1.6275988367819316
-1.3127514548438857
4.028940520866177
-3.724142136550328
-1.1737622640293228
3.072162730373144
-1.5137940225395994
-6.831022650679348
-5.378191122688913
-6.507913909289352
-4.151061378097229
-7.965203882280514
5.1478291100666524
1.9712912494105517
2.8506310564550397
1.2005532715070277
-1.979768112670948
-6.859702409960615
-1.0077961399234088
7.511897070412118
-8.952073798103047
5.678445148182721
3.922522201038028
-2.0430636982455086
7.1833851085977685
2.001149125074768
8.593312682765596
1.8452684349157877
-8.132247781024503
-3.2284328496825516
6.249823337808383
-5.812342897886955
0.10956216288503384
-4.357409831056536
1.3980328316356392
-9.483417252887584
0.44156786864590636
-4.901947629169985
-1.3788449117485406
-6.285937384704767
-8.346223647421633
2.183758468048895
-4.1665207024494455
8.659262485817173
-3.2074126780496304
-5.65378149924324
2.487241626726247
1.9271455517886054
-3.1019100399472794
-1.2307099975918376
5.5941704305261215
-4.318130255950267
4.945035127431153
8.67430853928224
-0.37497589151709043
-8.98075097816216
-6.815375287585672
1.3964978499195801
-8.76685797856759
-2.0535676113864243
6.019550394160685
6.171930225988348
0.27991754460048135
-6.951810397070501
-0.4832248209201069
1.9945330274078898
1.1021711466755786
-0.5144716409952501
7.227283722940022
3.3565033469645673
-2.224989844149327
6.594298341683885
-7.904439894617996
3.9232809471299035
6.681001836359698
9.196742172775128
0.40177886925813766
0.2515526195520401
-7.106257338943481
5.404186399359103
-5.309807828924358
-8.855302434859126
0.06498714362004954
-2.8780092820989145
0.0708908021381589
-1.9305200370461062
-4.1508654130674465
-8.080965379353263
-8.427479812795154
-8.808876528707392
-4.0405778116102065
-0.05531497544954256
7.6441335268662804
4.697919148342278
-1.2773550999799728
-8.568330662991437
1.2129736769953414
7.176559678915567
-4.672257366493453
0.25911633315332416
9.550414784430743
7.927572648565349
8.533025783786062
-8.016981912178252
-0.9028837959860976
-9.41553174714957
-6.79628358635219
5.853317401715918
3.2936643693378613
-6.12950405028892
-3.411676938828827
-5.44202378509032
-6.182197750261866
-7.492506850668996
-3.7222316246914877
-3.8520656559941857
-8.737474425530598
9.720970569918627
-4.89388968385994
-9.985456133916948
1.4537254025556923
-5.978383129337956
-2.1080043263878583
-0.060155838998149136
0.04654398156216644
-4.125912156803764
-4.2635727674947255
3.1488249483507786
5.360775673766581
3.3139187956214577
-5.424865112578154
8.885965807088656
7.7882027790527175
-0.34749158158461846
7.104440082965674
-9.63699815537844
-2.0876198059627926
-7.297450792402755
2.7302743648733987
-9.302234095974427
-7.48755724902868
1.8975446077511364
-9.781304314607134
8.172437879755314
9.175835572144099
-0.0030147824018396108
7.089658234649757
8.335069526002531
-8.902746944429278
-1.9767910783652898
-0.8615247541996389
2.320697343480795
6.461840046450348
4.886170546602793
-4.460961966091581
5.712474160143161
-1.792419959128237
6.722964814207341
-8.858886739823461
-1.4413006358748497
9.820673213889464
-9.070909509973415
4.223435075228698
-9.123170066080043
2.083724197277615
1.8492289640892778
6.290443864771127
8.195314905310568
7.065547307431917
8.833026002845823
-8.481597215297356
-7.059443846506359
-5.6527056195783265
-6.242037180487245
-2.754932644917643
4.968734548081864
6.497203235388973
-9.917374137574004
-9.848457595342712
1.0164774961418317
4.047996406616257
9.640842781826787
3.170821883502505
-1.0656757161485437
0.7789866411060071
8.38405377155772
-7.7352714481749825
-8.805484972824381
3.073086577377584
-5.692375146437387
8.641080788966708
-8.163648683950315
-6.968939255160143
-3.661647864292961
-6.822231006305659
-8.910967287497918
0.9164119817617955
-9.59903097093217
-4.265929411512079
3.6661880593327645
-4.820322936586483
1.7472502460234747
6.557307070652605
-1.890288674627513
5.459675382882489
-9.90405765097265
-8.45534393277958
-7.008065226546323
6.652214540118155
-6.556405595028014
-2.4992902109571453
2.042078672385969
4.007707900113331
2.8729056788252354
-1.1359940781549387
5.017635924709191
-8.670165450143404
2.77599045573705
-4.2354877422472885
1.9098197090755775
2.7562611108147976
9.487409296930132
4.2730076922755345
9.49084709309355
-7.56369441507786
1.3126115785305643
5.88166668602863
-5.480312864978316
-6.483549515339617
6.985682302067179
-3.3714674969465452
-7.722141725011344
-8.353273218481156
1.116085538508445
2.07376380677548
6.447429376990748
-4.040065922897609
-4.731208706454062
2.554657053750331
0.3204741101861419
-0.008448569044910315
-9.621049850386076
-6.784956551338405
2.8501641513994294
-5.622162596608926
-6.003511227894311
-1.556296116731522
-8.653583681925168
3.7073082253574015
-9.842865246851673
6.010373225754556
7.395319171597482
-8.781160320802625
6.688933771327456
4.455496069440336
-7.472751329293164
3.6205313358540376
-3.1260489530255464
1.6357139425705007
5.817229579565566
3.7038209546751126
4.7124593960405186
-0.1683966273733688
9.621660351420754
7.918963186187241
-4.10594588787758
-7.988546564927129
2.250724831691592
-9.263435633317727
-9.129747198506923
-2.5658415311978677
3.0801362575967612
8.032885019200975
1.181298757831378
-9.736104665925989
6.460899657602038
2.476571772728347
5.060149245326013
0.9969362719803971
-9.76378412256678
-4.973926364178459
-4.5789355756284955
-7.73869348642388
2.37942140381611
2.32796929719499
-6.885945648456733
-1.2235495468678774
5.261643508321686
8.38787998175259
9.879114366704602
-6.239677068626519
-7.025521223421531
2.582794257024819
-0.3516007576995719
6.807168959916954
-5.877304621411897
8.98725467325066
4.997339366564946
0.2262389539249341
-5.1928871475171
7.223944409774035
-5.304911122115101
9.281771398394497
-2.690236393854482
-5.7158658555297155
0.5274959185948056
-6.915713229910629
7.120765572972211
5.415169168551522
5.299131760146299
-3.229633132396737
2.3943588588494578
-6.281383404227716
-3.8793462522812217
-0.5061445403414098
8.311656484584482
9.218005071454332
-8.049019854571956
3.466307268314255
-5.752376513803476
-0.1704824710577828
4.144409641804554
3.040753025086083
-2.822918526715985
-5.095503223880429
-5.0453847552546645
7.309632188665102
-3.7007674217177193
-9.223879122530915
0.4543104900907089
7.888347689893802
-3.6266711576802653
6.940639524480215
7.39674359005954
0.5131843084945213
-8.239254524322126
4.694277708832811
7.266130631594493
-8.252386523801142
-7.810138795567467
-9.145518674990537
-4.0234658057235855
-3.075699095255353
-2.9171436901640746
-2.9280362291628625
-8.11054685192479
2.7920202774559364
-1.9559255793479515
-1.3774287775202119
9.52371961403799
1.680708426421802
7.211932987988288
1.587144087028845
-3.4086584498743893
-1.2083204710208477
-4.28888423462962
-2.236177814049407
-8.47113766986828
-3.86816013969828
7.751880370988346
3.6601586508115034
8.205517408473955
0.2429359457019391
-5.315544171695674
-6.244986156123662
-1.4783396303165013
-8.819546758795598
6.316134449078909
-1.6872901573311623
1.0037180374369203
-9.836643269387936
4.08310717299446
8.271727913267302
-0.40425549671348904
8.254633341142267
-7.9238798738654825
-3.079279744008126
-1.6661844197061662
-0.6994886176884485
-7.09913210350347
8.19646472196656
-9.986244918654204
-3.948668780212328
-4.125235826487714
1.6677524716993055
-0.14321553305175883
-6.525850703396032
2.5771755028914196
-4.971111923872011
-3.347686455154455
5.193306148456632
-5.03554855667558
-5.770768349649169
-6.535208390518312
9.526014368386583
-9.209928643846716
6.885784931356234
-1.4331835638450947
-2.2780967666968905
-2.2458948967260746
-2.89545202565993
5.67469628294832
-3.258594324573134
-0.08891080003044571
-2.072287113047617
7.876052051314737
1.3762177843632095
4.72978005969167
-0.8384402864773435
2.4447433127575664
8.944641288544798
-5.232947710139637
4.31064303607565
-2.519185158388355
9.398601049627267
5.383886084278691
-4.281198911992627
-9.035797796558168
-0.9112993556921438
0.6472707765473515
0.8366497170991956
-5.983310729822975
-4.15050781006731
-5.553061848945173
-5.782473644132788
3.837018802819083
-9.924882840505347
1.558297188022216
4.7098357579299215
7.9344093798345945
-9.800231662745226
-9.602581996087377
-9.550355330165296
8.124332914845574
4.576920219535303
-2.902620460436289
-8.783049110693861
-1.2599284963836084
6.396743835734842
8.549268948110154
9.384366110039629
-9.682199398262945
-9.188278312420497
-8.000671133919631
6.321470329174716
3.8897216892972963
4.130386059233459
8.720746646478858
-2.0247900196600526
-3.5054505053779472
-7.636665755277803
5.817468628391504
-6.7507412482611
-1.0418238959302073
5.363519390705724
-0.7802168766453157
4.362780314060618
-4.35971982492203
5.666238365688315
9.685894042038878
3.7863442395195985
5.395518588917977
3.9414683651715183
8.161146174492245
-3.8267000540441787
4.524542321108001
5.500888723086403
4.484994796324063
2.7378015927387604
2.9598372777600943
-5.4910435018161134
8.568741092047269
6.43053568682673
-2.6137618885387788
-2.1167203830775634
-5.141028629018303
3.165698729058544
9.571905128318377
2.4671597532436795
-0.2823277790526575
-5.287711247885422
2.4810786511188034
-8.170567880499895
7.956249224288474
-0.1981383706174178
-8.344815641178364
4.031097959196204
-4.614428720521071
-7.991263542348568
9.692399669991861
5.8691214025216425
5.822716615003813
4.359495942436645
2.036897283826031
-0.49135581674387296
3.3437877983551996
-4.47856637279534
-8.848075802411039
8.849855791066762
1.835228610390974
-7.231596935504683
4.410061978581174
-7.873815982442975
8.691672388760768
-9.652148968330367
-6.7737215049178605
7.069189743286849
-7.096416830681007
2.382491212165906
5.541626602545264
6.676589934202138
3.57867567421348
9.113294696094648
-0.889143633721476
-0.5415397608938193
-0.21333286663147888
-5.1508295733418175
-5.0061605076118365
1.3731259608825965
6.745286885054906
-8.33993723705547
5.679691289124458
3.8794202961985604
-2.259081887956304
0.768501652568343
-6.940218872335988
-7.837069647505775
-1.916177798571983
-5.448581705448554
3.733296108409249
7.65394721066173
-9.270886520983815
8.736359917676008
-1.270426240453503
6.395765943037507
2.7407840611201717
0.36085427753464927
8.01141375810645
5.280381251006954
4.488659869405263
-4.052245241545851
5.595441457791054
9.811583980988956
-2.444852603491279
-0.23477350593884516
9.080197233661874
-4.765003704165151
0.49889693968847126
2.0463652433723034
-2.556445540168477
7.452234202836362
4.016617156920388
-2.3876597962848862
-3.476239948546689
-6.446598087781378
3.0203685141094443
-0.5679220072059223
2.1283862506569626
5.178457151691163
-1.9541372438986713
-1.6848495023499055
-2.175829725537972
-3.56651871468348
9.93993999724944
5.723664445649783
3.9018511362401966
7.424127370686687
5.02568406416415
-1.7998803732015105
-0.9749292075176914
-8.03764183427287
-7.792448430759733
-8.867308141210927
1.827972817546332
2.3595903864849532
-3.803528008954289
3.332375499431542
-4.758484559501374
4.353779345062396
-7.5772583501991
-1.2065011572250448
-2.3297444878461215
-4.120787230360065
1.4922402571580946
1.6333202864676544
-9.694697263920398
2.000591868097361
-7.511859195262693
-0.019598731324494523
-8.404169246969758
3.7799427134205903
-0.3115083335458575
-0.6672896259995511
8.630508367857047
-3.204069441869068
-8.775215037112417
0.16390537032614994
4.862313032722895
-0.6417950341981982
-8.423710029205761
8.46766236554134
1.6603978179903773
7.824136171397054
-6.170546724073018
8.756404916681504
-2.433489184896292
-4.926358382217124
-1.6373220431347058
4.689322559926865
-5.089576881678335
1.5657807231604046
-5.121403184858268
2.8169618896406092
7.763941129966657
-0.9467702294453133
3.7527715869707645
7.179294403885642
-8.136562842388244
-9.169273697546164
-2.970763661866112
6.562551476856726
0.2570243377780841
-5.855608226695623
-8.610269460049613
5.991535211517151
-3.7645945670820975
-9.433487039483008
4.565029989526845
-4.211340449758989
-9.433648644382727
6.204685362294541
0.7098723733080288
7.254722243797584
8.311663103361667
6.315606451425893
4.380769515100756
-6.906831613217957
4.419073493031789
-5.704863787141918
-1.8428551936686848
2.040970926456545
6.703002716784145
-1.1641832450186147
-4.530960527893533
-7.884934258905998
0.7416308028355054
8.010166310360265
-2.960414684983606
-9.577105286499483
2.5553464356409954
-9.334320077709165
6.174123135158332
-8.94521523675202
-8.992935711936259
1.8016530296142346
-4.5528831717377845
6.891557017613156
5.642979564529805
8.715224431041573
-3.9948678875461514
2.8379831681419816
3.2550845903421237
9.972306444706621
5.336709898562011
-2.5018733128860537
-3.7893938588835008
7.341629576763978
4.142245580830792
3.65740320666621
4.30296233666934
-3.4821188096526523
8.426832551849163
6.5003551356138765
4.885332076579141
-3.5586999390441365
3.9872668036936627
-3.71475404828211
-0.10086539558322016
3.1343340501537504
3.5677693234899426
7.3919293395816545
-0.4609177775432265
-1.704678650773591
6.7254953281533645
-7.999545699732662
8.904722762888092
-9.399251037875905
-4.469903445053777
2.586822433905162
-5.463960843048832
-2.335090644217206
4.373350785586911
4.999311782136612
-0.6772813172969716
8.723588609918025
-4.311378549873737
7.566668852141035
9.948447976750657
0.5698815200600826
4.948498758655418
0.7438813989913502
5.665456364261935
2.488357576702967
-5.550430211356465
-3.026511334440645
9.910613811182028
-0.8209961457541244
2.8045009780792327
-8.975727099707589
-1.2103648133165095
-5.535911829969084
-2.8563419074722596
2.3807604468819825
-6.6697386357974375
0.3391249831137877
-4.397371804450749
-4.45773912858969
-1.607865453146509
4.3881107421239385
-1.0107531271070869
-1.5530532918764468
3.296778128756639
2.1715199478718095
1.3444484666700482
-4.205715958005549
6.392195061986008
3.149218780634957
-5.319121659296908
-9.046616473673794
-4.854357973927918
-7.396639373449481
-6.196909099344506
-6.111699036634553
5.287288431731206
-7.3754766984865245
4.613539390673742
7.889019632994547
-0.2014108687895515
1.2971345311981946
2.096295732490656
1.0607566562825728
-3.296874627894004
1.5386863139594773
-7.934279477480894
0.19964314719885934
7.931122287080473
2.1260081418557064
9.08118168408349
-9.062851754984882
-6.799117515052535
4.460775011895793
3.2012896488090234
-0.3566451985449497
-4.250764588003917
5.551406237497909
-5.247849632072146
4.960127290745525
1.007310111624447
-0.7704206796428892
-4.236984321077655
2.3467415357963066
5.051222283736456
6.992600592518237
7.48873794343184
-9.987845637791416
5.746289296372144
8.539189356331423
-1.9512580854718138
1.2937129852220899
-1.703062223263105
6.6433263731446175
3.378708525187859
6.041255158937343
-5.684316274647154
2.2929645598336243
1.6536256665103828
-0.7890972380236434
-6.552320272980214
2.501919143978771
5.420944150581221
8.471998670759401
0.9336024479440024
-6.85231864538292
2.986496685105081
1.1214029488013129
1.0473706143512906
0.9201366270669116
6.786959762563789
-4.625467748779249
-3.311432973460498
7.680730511438686
-6.215748640875933
5.1112479962129385
-0.2998353806919791
6.45554360541189
0.35799033397456625
4.6487085794229515
3.789757964380918
4.55779514067453
-7.19474184984268
5.061278318045055
-6.922261087752655
-7.715554190962721
-1.5166532466160128
1.457012735010002
-8.850020832325612
-4.164298305343115
-4.356247813446843
1.0963420266050257
-0.16361446833197846
-8.113035120971253
-2.2988553359294066
-8.295452986425147
-6.655358435987086
1.9304194481222758
-6.775259203028603
-5.382816461011508
-7.712476451348238
-6.065416022589911
-7.840157714669664
2.8920896475313533
8.081819891789888
5.849304760319891
-6.8778773008220195
-6.713809767570389
7.502507124157795
-5.805204347566519
3.4480302202938855
8.97867324288217
8.77014858969514
8.32230200300436
0.025273724865835234
1.4289551035254497
-3.5614517286181986
5.554270151183921
5.423264353757876
-8.539476300729554
4.738051173097675
0.5103044934533152
1.3619114428191672
3.7021429276914546
-1.8468962962904296
1.6731380679096226
-8.57183115440898
-4.88231869077133
6.57357457056499
-7.644489923048314
7.137188387961391
7.822382972508283
4.55878411974683
-5.144645654579156
-5.582250787442959
-5.887651847008623
7.31130760758391
5.668233997861654
4.577047920903766
1.105387233665418
5.094302163316545
-8.939805328463885
1.5055573312798423
-4.0325290423107285
-6.798671898012718
5.431344371703517
-8.771773638385294
-4.790200152836674
-2.1173570621853344
-1.518466029336139
9.091577934949253
-9.464289165601599
-2.989370200841968
9.328360511808825
7.464402505632563
9.0770827089592
-3.25715572933881
7.3909922282084395
-6.246175437060026
1.5094967449311412
0.4010037200747174
3.336365569785002
9.45002479336879
-6.166895282975345
-3.600237753941247
-0.6015807290263027
-6.489616919937989
-9.405759269207154
4.339546502865419
-2.1896233170599615
6.142542143415607
-2.4239273279243445
-2.633931320185474
-4.772886211819123
6.031423577170251
-0.5316652844622496
-0.6800268004693706
-0.06682597271783841
-4.188109684080519
-6.164564860373691
-3.4544683612324008
-8.622821292027147
5.997783958483103
-9.90610724237791
9.98505305659134
9.9875364841098
8.65265957250535
2.660443546451347
7.833084335713714
-8.08392358885509
0.8185948484846417
8.692036860829173
-0.9744272234284139
-7.405702833566199
9.825584870318057
8.622850047594003
0.6162633431432045
9.424366114521959
2.117049681935196
-6.238461654703897
-6.0981023806032075
-8.867574618139024
1.4541577927002436
-7.963040845662581
6.825865324052906
0.3179876155655563
9.17645282980667
-1.552400807349887
-6.242537450705501
7.458366356704431
-1.884004006275946
3.785737716417895
-9.602400571123294
8.92873241324748
9.797301088574773
-2.941851040025247
-9.474554474050125
-5.326731266435445
-1.5996348140378913
1.3017531858022977
-9.695166849600877
-0.2323243156741519
-3.1750227328050595
8.635205181496413
-5.117935852007669
7.078904314037668
-2.417243558786353
7.362516890712133
-8.512497161723424
0.2954011213505545
-8.095399972139528
0.20415034193644743
1.815380775738495
-5.444545420733904
-5.331360747872987
-5.369508066501403
-3.96564832191512
4.680247236772155
-9.637442679778319
6.629620652375806
5.112438884207258
-3.172371391808797
-8.6630597584887
-1.3309526689517384
8.007693501587866
6.357139500368028
8.81592980680157
7.652395562319121
1.1447282180322595
-6.883002922278372
0.6609867664699216
3.540393186648421
5.913884671053246
-4.386487294179724
-7.201048728896988
9.028993356026952
0.3923205194225474
-2.463724308929061
6.486130917480331
-8.140396012546384
-3.75884588235043
3.9299404436275296
2.3023000114960226
-6.229285490937439
-3.5225527639273473
5.194547210515976
-2.965519502997034
1.370290239152709
-3.2811231848414053
-9.122093806147067
-0.7612196641282765
9.188379890697384
4.41483258474231
4.839927607786819
-7.4551240854668555
-3.9927201127466994
-2.442233982985595
-6.196005745226067
0.21469620211060025
-0.03900244432184152
6.617338307681145
1.1126827575923102
-0.8464116354260032
-7.842962690191202
-3.9623679715940856
5.4882804745439735
7.91679086520972
-2.445959819437218
-2.078507473527134
-8.160812160310842
3.0207676392421074
4.398304156282258
7.418487389855862
-2.2538147236965163
-3.7359557360750024
-3.0270400563797306
3.9054131967107786
5.236340026361768
-5.584539205964458
4.490043172034595
6.700011692691529
9.19668188442122
-6.967789035499862
-4.057525675560257
-7.918635985679822
7.48771433863093
-4.020883850586836
7.2236486598408405
8.220425106627872
-6.326999584882918
-8.383465848979284
-7.4140539959299385
8.850840964636102
7.317097271937353
0.9997557527541279
-0.28764117557350133
-1.5411842261947744
-8.574582956351076
-6.208703003271296
3.6143203953498
-1.5072936487529525
2.8121504711660688
7.5931867234978405
8.056044616835866
-5.183003161084629
1.480892304545339
5.374018276017027
-6.27304653969099
0.330051588665107
-3.0978488275275406
-0.8833211790627438
-5.36350177397428
0.521943584142706
-3.776241132157998
1.6556572698518028
-3.343570004054439
9.658204337414787
9.680438651224712
8.899265164552947
-7.927819558639304
-3.0906582104054303
2.8214846023448317
-1.6243875061434654
9.551541847812686
0.18526497413892962
9.119322629782406
4.006434742375898
-8.302520985235514
-1.5369724703295304
0.7207204180918438
0.43889255975905606
-0.17434305782938253
-2.5080304888451765
-1.772676714763616
8.944852740619918
-7.500333806283583
-4.253589918768668
-2.1364916844627935
-7.9174505888038516
8.991317016279016
-3.614550857967533
6.361666839808471
-5.0363210137764
-5.874919748653584
7.544069359417129
-6.601090191504269
-1.2544966788712308
-0.7167131385705687
-1.4716187806095071
-2.1491810138016465
7.3249658403940785
1.628252215185892
7.300022073314164
-8.488391044146383
-4.687987745107849
2.858832493735706
-5.686887663494222
-4.587969717014769
7.729943848964336
7.512167793854072
-6.528647769354398
-4.340809307905406
-0.6248524756998108
-8.1654467659367
5.8479350368591625
8.003558735744111
-4.715668889981268
8.296716941095866
0.5182282182529825
-8.95143114600291
9.09395382576552
7.458186757135266
4.113787112168845
-4.757456666131379
-8.245700504324176
2.5368685001005797
3.9833962259294164
3.0665890959900928
3.9885342643219346
-4.00283492274678
8.96153016365697
-3.788273546154663
-8.764371644258151
1.593376056227724
-2.8936595639973124
5.222836216322769
